M = 2
K1 = 3
K2 = 2
m_ls = np.array([1,1.2,1,1.7])
K_intra = np.array([1.7,1.7,1.7,1.7,1.4,1.4,1.4,1.4,1,1])

# driving_par
T_amp = 1
w0 = 0.1
sigma = 1
############################################

[43.45871092973554, 55.26781726123252, 67.71640714515364, 76.05987099254102, 77.10680844147544, 70.4623783603811, 58.659227707462264, 46.20635677949342, 37.85974104238891, 36.815426262758756, 27.591607474697803, 32.582348579159465, 38.71078830426394, 43.62196305260843, 45.44939766326734, 43.48868120564214, 38.500041437169074, 32.37417224920441, 27.461276590167543, 25.632187931152814, 19.04145533972937, 20.84071383672861, 23.78130463441487, 26.740463854083796, 28.58718117245174, 28.61543950825973, 26.811674706118513, 23.876803456700024, 20.91725279250842, 19.070825310865523, 15.010650731890822, 15.698257299907263, 17.389140332072692, 19.435250518574524, 21.055223948788417, 21.63090615984031, 20.942028373305025, 19.254019616775402, 17.204015577396536, 15.578674589687349, 12.614353178445418, 12.73180146019048, 13.751813107515504, 15.292723372583595, 16.76499423533714, 17.603106418787366, 17.49148253284855, 16.4620751706454, 14.925215980756207, 13.452483030082073, 11.186464723511259, 10.867885863756355, 11.336293331443546, 12.418605897949842, 13.701046576955571, 14.696751470250462, 15.021141965248672, 14.55257873651588, 13.466152115003505, 12.1781612483185, 10.396938951576532, 9.821005894367323, 9.838399428102129, 10.442421495817586, 11.401945201728864, 12.347811130191415, 12.924397380571865, 12.901410494307934, 12.304263744497272, 11.340698680775684, 9.793618762420547, 9.204602817218708, 8.987676184785444, 9.223962830212024, 9.822324071044541, 10.562859487649634, 11.152895683117254, 11.371690335425503, 11.132846667679976, 10.528982394960586]